165
3 0 0 0 0 0 0 0 0
2 1 0 0 0 0 0 0 0
2 0 1 0 0 0 0 0 0
2 0 0 1 0 0 0 0 0
2 0 0 0 1 0 0 0 0
2 0 0 0 0 1 0 0 0
2 0 0 0 0 0 1 0 0
2 0 0 0 0 0 0 1 0
2 0 0 0 0 0 0 0 1
1 2 0 0 0 0 0 0 0
1 1 1 0 0 0 0 0 0
1 1 0 1 0 0 0 0 0
1 1 0 0 1 0 0 0 0
1 1 0 0 0 1 0 0 0
1 1 0 0 0 0 1 0 0
1 1 0 0 0 0 0 1 0
1 1 0 0 0 0 0 0 1
1 0 2 0 0 0 0 0 0
1 0 1 1 0 0 0 0 0
1 0 1 0 1 0 0 0 0
1 0 1 0 0 1 0 0 0
1 0 1 0 0 0 1 0 0
1 0 1 0 0 0 0 1 0
1 0 1 0 0 0 0 0 1
1 0 0 2 0 0 0 0 0
1 0 0 1 1 0 0 0 0
1 0 0 1 0 1 0 0 0
1 0 0 1 0 0 1 0 0
1 0 0 1 0 0 0 1 0
1 0 0 1 0 0 0 0 1
1 0 0 0 2 0 0 0 0
1 0 0 0 1 1 0 0 0
1 0 0 0 1 0 1 0 0
1 0 0 0 1 0 0 1 0
1 0 0 0 1 0 0 0 1
1 0 0 0 0 2 0 0 0
1 0 0 0 0 1 1 0 0
1 0 0 0 0 1 0 1 0
1 0 0 0 0 1 0 0 1
1 0 0 0 0 0 2 0 0
1 0 0 0 0 0 1 1 0
1 0 0 0 0 0 1 0 1
1 0 0 0 0 0 0 2 0
1 0 0 0 0 0 0 1 1
1 0 0 0 0 0 0 0 2
0 3 0 0 0 0 0 0 0
0 2 1 0 0 0 0 0 0
0 2 0 1 0 0 0 0 0
0 2 0 0 1 0 0 0 0
0 2 0 0 0 1 0 0 0
0 2 0 0 0 0 1 0 0
0 2 0 0 0 0 0 1 0
0 2 0 0 0 0 0 0 1
0 1 2 0 0 0 0 0 0
0 1 1 1 0 0 0 0 0
0 1 1 0 1 0 0 0 0
0 1 1 0 0 1 0 0 0
0 1 1 0 0 0 1 0 0
0 1 1 0 0 0 0 1 0
0 1 1 0 0 0 0 0 1
0 1 0 2 0 0 0 0 0
0 1 0 1 1 0 0 0 0
0 1 0 1 0 1 0 0 0
0 1 0 1 0 0 1 0 0
0 1 0 1 0 0 0 1 0
0 1 0 1 0 0 0 0 1
0 1 0 0 2 0 0 0 0
0 1 0 0 1 1 0 0 0
0 1 0 0 1 0 1 0 0
0 1 0 0 1 0 0 1 0
0 1 0 0 1 0 0 0 1
0 1 0 0 0 2 0 0 0
0 1 0 0 0 1 1 0 0
0 1 0 0 0 1 0 1 0
0 1 0 0 0 1 0 0 1
0 1 0 0 0 0 2 0 0
0 1 0 0 0 0 1 1 0
0 1 0 0 0 0 1 0 1
0 1 0 0 0 0 0 2 0
0 1 0 0 0 0 0 1 1
0 1 0 0 0 0 0 0 2
0 0 3 0 0 0 0 0 0
0 0 2 1 0 0 0 0 0
0 0 2 0 1 0 0 0 0
0 0 2 0 0 1 0 0 0
0 0 2 0 0 0 1 0 0
0 0 2 0 0 0 0 1 0
0 0 2 0 0 0 0 0 1
0 0 1 2 0 0 0 0 0
0 0 1 1 1 0 0 0 0
0 0 1 1 0 1 0 0 0
0 0 1 1 0 0 1 0 0
0 0 1 1 0 0 0 1 0
0 0 1 1 0 0 0 0 1
0 0 1 0 2 0 0 0 0
0 0 1 0 1 1 0 0 0
0 0 1 0 1 0 1 0 0
0 0 1 0 1 0 0 1 0
0 0 1 0 1 0 0 0 1
0 0 1 0 0 2 0 0 0
0 0 1 0 0 1 1 0 0
0 0 1 0 0 1 0 1 0
0 0 1 0 0 1 0 0 1
0 0 1 0 0 0 2 0 0
0 0 1 0 0 0 1 1 0
0 0 1 0 0 0 1 0 1
0 0 1 0 0 0 0 2 0
0 0 1 0 0 0 0 1 1
0 0 1 0 0 0 0 0 2
0 0 0 3 0 0 0 0 0
0 0 0 2 1 0 0 0 0
0 0 0 2 0 1 0 0 0
0 0 0 2 0 0 1 0 0
0 0 0 2 0 0 0 1 0
0 0 0 2 0 0 0 0 1
0 0 0 1 2 0 0 0 0
0 0 0 1 1 1 0 0 0
0 0 0 1 1 0 1 0 0
0 0 0 1 1 0 0 1 0
0 0 0 1 1 0 0 0 1
0 0 0 1 0 2 0 0 0
0 0 0 1 0 1 1 0 0
0 0 0 1 0 1 0 1 0
0 0 0 1 0 1 0 0 1
0 0 0 1 0 0 2 0 0
0 0 0 1 0 0 1 1 0
0 0 0 1 0 0 1 0 1
0 0 0 1 0 0 0 2 0
0 0 0 1 0 0 0 1 1
0 0 0 1 0 0 0 0 2
0 0 0 0 3 0 0 0 0
0 0 0 0 2 1 0 0 0
0 0 0 0 2 0 1 0 0
0 0 0 0 2 0 0 1 0
0 0 0 0 2 0 0 0 1
0 0 0 0 1 2 0 0 0
0 0 0 0 1 1 1 0 0
0 0 0 0 1 1 0 1 0
0 0 0 0 1 1 0 0 1
0 0 0 0 1 0 2 0 0
0 0 0 0 1 0 1 1 0
0 0 0 0 1 0 1 0 1
0 0 0 0 1 0 0 2 0
0 0 0 0 1 0 0 1 1
0 0 0 0 1 0 0 0 2
0 0 0 0 0 3 0 0 0
0 0 0 0 0 2 1 0 0
0 0 0 0 0 2 0 1 0
0 0 0 0 0 2 0 0 1
0 0 0 0 0 1 2 0 0
0 0 0 0 0 1 1 1 0
0 0 0 0 0 1 1 0 1
0 0 0 0 0 1 0 2 0
0 0 0 0 0 1 0 1 1
0 0 0 0 0 1 0 0 2
0 0 0 0 0 0 3 0 0
0 0 0 0 0 0 2 1 0
0 0 0 0 0 0 2 0 1
0 0 0 0 0 0 1 2 0
0 0 0 0 0 0 1 1 1
0 0 0 0 0 0 1 0 2
0 0 0 0 0 0 0 3 0
0 0 0 0 0 0 0 2 1
0 0 0 0 0 0 0 1 2
0 0 0 0 0 0 0 0 3
0 0
0 0 3
1 1 2
2 2 2
3 3 2
4 4 2
5 5 2
6 6 2
7 7 2
8 8 2
9 9 1
10 10 1
11 11 1
12 12 1
13 13 1
14 14 1
15 15 1
16 16 1
17 17 1
18 18 1
19 19 1
20 20 1
21 21 1
22 22 1
23 23 1
24 24 1
25 25 1
26 26 1
27 27 1
28 28 1
29 29 1
30 30 1
31 31 1
32 32 1
33 33 1
34 34 1
35 35 1
36 36 1
37 37 1
38 38 1
39 39 1
40 40 1
41 41 1
42 42 1
43 43 1
44 44 1
ENDM
0 1
0 1 1
1 9 2
2 10 1
3 11 1
4 12 1
5 13 1
6 14 1
7 15 1
8 16 1
9 45 3
10 46 2
11 47 2
12 48 2
13 49 2
14 50 2
15 51 2
16 52 2
17 53 1
18 54 1
19 55 1
20 56 1
21 57 1
22 58 1
23 59 1
24 60 1
25 61 1
26 62 1
27 63 1
28 64 1
29 65 1
30 66 1
31 67 1
32 68 1
33 69 1
34 70 1
35 71 1
36 72 1
37 73 1
38 74 1
39 75 1
40 76 1
41 77 1
42 78 1
43 79 1
44 80 1
ENDM
0 2
0 2 1
1 10 1
2 17 2
3 18 1
4 19 1
5 20 1
6 21 1
7 22 1
8 23 1
9 46 1
10 53 2
11 54 1
12 55 1
13 56 1
14 57 1
15 58 1
16 59 1
17 81 3
18 82 2
19 83 2
20 84 2
21 85 2
22 86 2
23 87 2
24 88 1
25 89 1
26 90 1
27 91 1
28 92 1
29 93 1
30 94 1
31 95 1
32 96 1
33 97 1
34 98 1
35 99 1
36 100 1
37 101 1
38 102 1
39 103 1
40 104 1
41 105 1
42 106 1
43 107 1
44 108 1
ENDM
0 3
0 3 1
1 11 1
2 18 1
3 24 2
4 25 1
5 26 1
6 27 1
7 28 1
8 29 1
9 47 1
10 54 1
11 60 2
12 61 1
13 62 1
14 63 1
15 64 1
16 65 1
17 82 1
18 88 2
19 89 1
20 90 1
21 91 1
22 92 1
23 93 1
24 109 3
25 110 2
26 111 2
27 112 2
28 113 2
29 114 2
30 115 1
31 116 1
32 117 1
33 118 1
34 119 1
35 120 1
36 121 1
37 122 1
38 123 1
39 124 1
40 125 1
41 126 1
42 127 1
43 128 1
44 129 1
ENDM
0 4
0 4 1
1 12 1
2 19 1
3 25 1
4 30 2
5 31 1
6 32 1
7 33 1
8 34 1
9 48 1
10 55 1
11 61 1
12 66 2
13 67 1
14 68 1
15 69 1
16 70 1
17 83 1
18 89 1
19 94 2
20 95 1
21 96 1
22 97 1
23 98 1
24 110 1
25 115 2
26 116 1
27 117 1
28 118 1
29 119 1
30 130 3
31 131 2
32 132 2
33 133 2
34 134 2
35 135 1
36 136 1
37 137 1
38 138 1
39 139 1
40 140 1
41 141 1
42 142 1
43 143 1
44 144 1
ENDM
0 5
0 5 1
1 13 1
2 20 1
3 26 1
4 31 1
5 35 2
6 36 1
7 37 1
8 38 1
9 49 1
10 56 1
11 62 1
12 67 1
13 71 2
14 72 1
15 73 1
16 74 1
17 84 1
18 90 1
19 95 1
20 99 2
21 100 1
22 101 1
23 102 1
24 111 1
25 116 1
26 120 2
27 121 1
28 122 1
29 123 1
30 131 1
31 135 2
32 136 1
33 137 1
34 138 1
35 145 3
36 146 2
37 147 2
38 148 2
39 149 1
40 150 1
41 151 1
42 152 1
43 153 1
44 154 1
ENDM
0 6
0 6 1
1 14 1
2 21 1
3 27 1
4 32 1
5 36 1
6 39 2
7 40 1
8 41 1
9 50 1
10 57 1
11 63 1
12 68 1
13 72 1
14 75 2
15 76 1
16 77 1
17 85 1
18 91 1
19 96 1
20 100 1
21 103 2
22 104 1
23 105 1
24 112 1
25 117 1
26 121 1
27 124 2
28 125 1
29 126 1
30 132 1
31 136 1
32 139 2
33 140 1
34 141 1
35 146 1
36 149 2
37 150 1
38 151 1
39 155 3
40 156 2
41 157 2
42 158 1
43 159 1
44 160 1
ENDM
0 7
0 7 1
1 15 1
2 22 1
3 28 1
4 33 1
5 37 1
6 40 1
7 42 2
8 43 1
9 51 1
10 58 1
11 64 1
12 69 1
13 73 1
14 76 1
15 78 2
16 79 1
17 86 1
18 92 1
19 97 1
20 101 1
21 104 1
22 106 2
23 107 1
24 113 1
25 118 1
26 122 1
27 125 1
28 127 2
29 128 1
30 133 1
31 137 1
32 140 1
33 142 2
34 143 1
35 147 1
36 150 1
37 152 2
38 153 1
39 156 1
40 158 2
41 159 1
42 161 3
43 162 2
44 163 1
ENDM
0 8
0 8 1
1 16 1
2 23 1
3 29 1
4 34 1
5 38 1
6 41 1
7 43 1
8 44 2
9 52 1
10 59 1
11 65 1
12 70 1
13 74 1
14 77 1
15 79 1
16 80 2
17 87 1
18 93 1
19 98 1
20 102 1
21 105 1
22 107 1
23 108 2
24 114 1
25 119 1
26 123 1
27 126 1
28 128 1
29 129 2
30 134 1
31 138 1
32 141 1
33 143 1
34 144 2
35 148 1
36 151 1
37 153 1
38 154 2
39 157 1
40 159 1
41 160 2
42 162 1
43 163 2
44 164 3
ENDM
1 0
1 0 3
9 1 2
10 2 2
11 3 2
12 4 2
13 5 2
14 6 2
15 7 2
16 8 2
45 9 1
46 10 1
47 11 1
48 12 1
49 13 1
50 14 1
51 15 1
52 16 1
53 17 1
54 18 1
55 19 1
56 20 1
57 21 1
58 22 1
59 23 1
60 24 1
61 25 1
62 26 1
63 27 1
64 28 1
65 29 1
66 30 1
67 31 1
68 32 1
69 33 1
70 34 1
71 35 1
72 36 1
73 37 1
74 38 1
75 39 1
76 40 1
77 41 1
78 42 1
79 43 1
80 44 1
ENDM
1 1
1 1 1
9 9 2
10 10 1
11 11 1
12 12 1
13 13 1
14 14 1
15 15 1
16 16 1
45 45 3
46 46 2
47 47 2
48 48 2
49 49 2
50 50 2
51 51 2
52 52 2
53 53 1
54 54 1
55 55 1
56 56 1
57 57 1
58 58 1
59 59 1
60 60 1
61 61 1
62 62 1
63 63 1
64 64 1
65 65 1
66 66 1
67 67 1
68 68 1
69 69 1
70 70 1
71 71 1
72 72 1
73 73 1
74 74 1
75 75 1
76 76 1
77 77 1
78 78 1
79 79 1
80 80 1
ENDM
1 2
1 2 1
9 10 1
10 17 2
11 18 1
12 19 1
13 20 1
14 21 1
15 22 1
16 23 1
45 46 1
46 53 2
47 54 1
48 55 1
49 56 1
50 57 1
51 58 1
52 59 1
53 81 3
54 82 2
55 83 2
56 84 2
57 85 2
58 86 2
59 87 2
60 88 1
61 89 1
62 90 1
63 91 1
64 92 1
65 93 1
66 94 1
67 95 1
68 96 1
69 97 1
70 98 1
71 99 1
72 100 1
73 101 1
74 102 1
75 103 1
76 104 1
77 105 1
78 106 1
79 107 1
80 108 1
ENDM
1 3
1 3 1
9 11 1
10 18 1
11 24 2
12 25 1
13 26 1
14 27 1
15 28 1
16 29 1
45 47 1
46 54 1
47 60 2
48 61 1
49 62 1
50 63 1
51 64 1
52 65 1
53 82 1
54 88 2
55 89 1
56 90 1
57 91 1
58 92 1
59 93 1
60 109 3
61 110 2
62 111 2
63 112 2
64 113 2
65 114 2
66 115 1
67 116 1
68 117 1
69 118 1
70 119 1
71 120 1
72 121 1
73 122 1
74 123 1
75 124 1
76 125 1
77 126 1
78 127 1
79 128 1
80 129 1
ENDM
1 4
1 4 1
9 12 1
10 19 1
11 25 1
12 30 2
13 31 1
14 32 1
15 33 1
16 34 1
45 48 1
46 55 1
47 61 1
48 66 2
49 67 1
50 68 1
51 69 1
52 70 1
53 83 1
54 89 1
55 94 2
56 95 1
57 96 1
58 97 1
59 98 1
60 110 1
61 115 2
62 116 1
63 117 1
64 118 1
65 119 1
66 130 3
67 131 2
68 132 2
69 133 2
70 134 2
71 135 1
72 136 1
73 137 1
74 138 1
75 139 1
76 140 1
77 141 1
78 142 1
79 143 1
80 144 1
ENDM
1 5
1 5 1
9 13 1
10 20 1
11 26 1
12 31 1
13 35 2
14 36 1
15 37 1
16 38 1
45 49 1
46 56 1
47 62 1
48 67 1
49 71 2
50 72 1
51 73 1
52 74 1
53 84 1
54 90 1
55 95 1
56 99 2
57 100 1
58 101 1
59 102 1
60 111 1
61 116 1
62 120 2
63 121 1
64 122 1
65 123 1
66 131 1
67 135 2
68 136 1
69 137 1
70 138 1
71 145 3
72 146 2
73 147 2
74 148 2
75 149 1
76 150 1
77 151 1
78 152 1
79 153 1
80 154 1
ENDM
1 6
1 6 1
9 14 1
10 21 1
11 27 1
12 32 1
13 36 1
14 39 2
15 40 1
16 41 1
45 50 1
46 57 1
47 63 1
48 68 1
49 72 1
50 75 2
51 76 1
52 77 1
53 85 1
54 91 1
55 96 1
56 100 1
57 103 2
58 104 1
59 105 1
60 112 1
61 117 1
62 121 1
63 124 2
64 125 1
65 126 1
66 132 1
67 136 1
68 139 2
69 140 1
70 141 1
71 146 1
72 149 2
73 150 1
74 151 1
75 155 3
76 156 2
77 157 2
78 158 1
79 159 1
80 160 1
ENDM
1 7
1 7 1
9 15 1
10 22 1
11 28 1
12 33 1
13 37 1
14 40 1
15 42 2
16 43 1
45 51 1
46 58 1
47 64 1
48 69 1
49 73 1
50 76 1
51 78 2
52 79 1
53 86 1
54 92 1
55 97 1
56 101 1
57 104 1
58 106 2
59 107 1
60 113 1
61 118 1
62 122 1
63 125 1
64 127 2
65 128 1
66 133 1
67 137 1
68 140 1
69 142 2
70 143 1
71 147 1
72 150 1
73 152 2
74 153 1
75 156 1
76 158 2
77 159 1
78 161 3
79 162 2
80 163 1
ENDM
1 8
1 8 1
9 16 1
10 23 1
11 29 1
12 34 1
13 38 1
14 41 1
15 43 1
16 44 2
45 52 1
46 59 1
47 65 1
48 70 1
49 74 1
50 77 1
51 79 1
52 80 2
53 87 1
54 93 1
55 98 1
56 102 1
57 105 1
58 107 1
59 108 2
60 114 1
61 119 1
62 123 1
63 126 1
64 128 1
65 129 2
66 134 1
67 138 1
68 141 1
69 143 1
70 144 2
71 148 1
72 151 1
73 153 1
74 154 2
75 157 1
76 159 1
77 160 2
78 162 1
79 163 2
80 164 3
ENDM
2 0
2 0 3
10 1 2
17 2 2
18 3 2
19 4 2
20 5 2
21 6 2
22 7 2
23 8 2
46 9 1
53 10 1
54 11 1
55 12 1
56 13 1
57 14 1
58 15 1
59 16 1
81 17 1
82 18 1
83 19 1
84 20 1
85 21 1
86 22 1
87 23 1
88 24 1
89 25 1
90 26 1
91 27 1
92 28 1
93 29 1
94 30 1
95 31 1
96 32 1
97 33 1
98 34 1
99 35 1
100 36 1
101 37 1
102 38 1
103 39 1
104 40 1
105 41 1
106 42 1
107 43 1
108 44 1
ENDM
2 1
2 1 1
10 9 2
17 10 1
18 11 1
19 12 1
20 13 1
21 14 1
22 15 1
23 16 1
46 45 3
53 46 2
54 47 2
55 48 2
56 49 2
57 50 2
58 51 2
59 52 2
81 53 1
82 54 1
83 55 1
84 56 1
85 57 1
86 58 1
87 59 1
88 60 1
89 61 1
90 62 1
91 63 1
92 64 1
93 65 1
94 66 1
95 67 1
96 68 1
97 69 1
98 70 1
99 71 1
100 72 1
101 73 1
102 74 1
103 75 1
104 76 1
105 77 1
106 78 1
107 79 1
108 80 1
ENDM
2 2
2 2 1
10 10 1
17 17 2
18 18 1
19 19 1
20 20 1
21 21 1
22 22 1
23 23 1
46 46 1
53 53 2
54 54 1
55 55 1
56 56 1
57 57 1
58 58 1
59 59 1
81 81 3
82 82 2
83 83 2
84 84 2
85 85 2
86 86 2
87 87 2
88 88 1
89 89 1
90 90 1
91 91 1
92 92 1
93 93 1
94 94 1
95 95 1
96 96 1
97 97 1
98 98 1
99 99 1
100 100 1
101 101 1
102 102 1
103 103 1
104 104 1
105 105 1
106 106 1
107 107 1
108 108 1
ENDM
2 3
2 3 1
10 11 1
17 18 1
18 24 2
19 25 1
20 26 1
21 27 1
22 28 1
23 29 1
46 47 1
53 54 1
54 60 2
55 61 1
56 62 1
57 63 1
58 64 1
59 65 1
81 82 1
82 88 2
83 89 1
84 90 1
85 91 1
86 92 1
87 93 1
88 109 3
89 110 2
90 111 2
91 112 2
92 113 2
93 114 2
94 115 1
95 116 1
96 117 1
97 118 1
98 119 1
99 120 1
100 121 1
101 122 1
102 123 1
103 124 1
104 125 1
105 126 1
106 127 1
107 128 1
108 129 1
ENDM
2 4
2 4 1
10 12 1
17 19 1
18 25 1
19 30 2
20 31 1
21 32 1
22 33 1
23 34 1
46 48 1
53 55 1
54 61 1
55 66 2
56 67 1
57 68 1
58 69 1
59 70 1
81 83 1
82 89 1
83 94 2
84 95 1
85 96 1
86 97 1
87 98 1
88 110 1
89 115 2
90 116 1
91 117 1
92 118 1
93 119 1
94 130 3
95 131 2
96 132 2
97 133 2
98 134 2
99 135 1
100 136 1
101 137 1
102 138 1
103 139 1
104 140 1
105 141 1
106 142 1
107 143 1
108 144 1
ENDM
2 5
2 5 1
10 13 1
17 20 1
18 26 1
19 31 1
20 35 2
21 36 1
22 37 1
23 38 1
46 49 1
53 56 1
54 62 1
55 67 1
56 71 2
57 72 1
58 73 1
59 74 1
81 84 1
82 90 1
83 95 1
84 99 2
85 100 1
86 101 1
87 102 1
88 111 1
89 116 1
90 120 2
91 121 1
92 122 1
93 123 1
94 131 1
95 135 2
96 136 1
97 137 1
98 138 1
99 145 3
100 146 2
101 147 2
102 148 2
103 149 1
104 150 1
105 151 1
106 152 1
107 153 1
108 154 1
ENDM
2 6
2 6 1
10 14 1
17 21 1
18 27 1
19 32 1
20 36 1
21 39 2
22 40 1
23 41 1
46 50 1
53 57 1
54 63 1
55 68 1
56 72 1
57 75 2
58 76 1
59 77 1
81 85 1
82 91 1
83 96 1
84 100 1
85 103 2
86 104 1
87 105 1
88 112 1
89 117 1
90 121 1
91 124 2
92 125 1
93 126 1
94 132 1
95 136 1
96 139 2
97 140 1
98 141 1
99 146 1
100 149 2
101 150 1
102 151 1
103 155 3
104 156 2
105 157 2
106 158 1
107 159 1
108 160 1
ENDM
2 7
2 7 1
10 15 1
17 22 1
18 28 1
19 33 1
20 37 1
21 40 1
22 42 2
23 43 1
46 51 1
53 58 1
54 64 1
55 69 1
56 73 1
57 76 1
58 78 2
59 79 1
81 86 1
82 92 1
83 97 1
84 101 1
85 104 1
86 106 2
87 107 1
88 113 1
89 118 1
90 122 1
91 125 1
92 127 2
93 128 1
94 133 1
95 137 1
96 140 1
97 142 2
98 143 1
99 147 1
100 150 1
101 152 2
102 153 1
103 156 1
104 158 2
105 159 1
106 161 3
107 162 2
108 163 1
ENDM
2 8
2 8 1
10 16 1
17 23 1
18 29 1
19 34 1
20 38 1
21 41 1
22 43 1
23 44 2
46 52 1
53 59 1
54 65 1
55 70 1
56 74 1
57 77 1
58 79 1
59 80 2
81 87 1
82 93 1
83 98 1
84 102 1
85 105 1
86 107 1
87 108 2
88 114 1
89 119 1
90 123 1
91 126 1
92 128 1
93 129 2
94 134 1
95 138 1
96 141 1
97 143 1
98 144 2
99 148 1
100 151 1
101 153 1
102 154 2
103 157 1
104 159 1
105 160 2
106 162 1
107 163 2
108 164 3
ENDM
3 0
3 0 3
11 1 2
18 2 2
24 3 2
25 4 2
26 5 2
27 6 2
28 7 2
29 8 2
47 9 1
54 10 1
60 11 1
61 12 1
62 13 1
63 14 1
64 15 1
65 16 1
82 17 1
88 18 1
89 19 1
90 20 1
91 21 1
92 22 1
93 23 1
109 24 1
110 25 1
111 26 1
112 27 1
113 28 1
114 29 1
115 30 1
116 31 1
117 32 1
118 33 1
119 34 1
120 35 1
121 36 1
122 37 1
123 38 1
124 39 1
125 40 1
126 41 1
127 42 1
128 43 1
129 44 1
ENDM
3 1
3 1 1
11 9 2
18 10 1
24 11 1
25 12 1
26 13 1
27 14 1
28 15 1
29 16 1
47 45 3
54 46 2
60 47 2
61 48 2
62 49 2
63 50 2
64 51 2
65 52 2
82 53 1
88 54 1
89 55 1
90 56 1
91 57 1
92 58 1
93 59 1
109 60 1
110 61 1
111 62 1
112 63 1
113 64 1
114 65 1
115 66 1
116 67 1
117 68 1
118 69 1
119 70 1
120 71 1
121 72 1
122 73 1
123 74 1
124 75 1
125 76 1
126 77 1
127 78 1
128 79 1
129 80 1
ENDM
3 2
3 2 1
11 10 1
18 17 2
24 18 1
25 19 1
26 20 1
27 21 1
28 22 1
29 23 1
47 46 1
54 53 2
60 54 1
61 55 1
62 56 1
63 57 1
64 58 1
65 59 1
82 81 3
88 82 2
89 83 2
90 84 2
91 85 2
92 86 2
93 87 2
109 88 1
110 89 1
111 90 1
112 91 1
113 92 1
114 93 1
115 94 1
116 95 1
117 96 1
118 97 1
119 98 1
120 99 1
121 100 1
122 101 1
123 102 1
124 103 1
125 104 1
126 105 1
127 106 1
128 107 1
129 108 1
ENDM
3 3
3 3 1
11 11 1
18 18 1
24 24 2
25 25 1
26 26 1
27 27 1
28 28 1
29 29 1
47 47 1
54 54 1
60 60 2
61 61 1
62 62 1
63 63 1
64 64 1
65 65 1
82 82 1
88 88 2
89 89 1
90 90 1
91 91 1
92 92 1
93 93 1
109 109 3
110 110 2
111 111 2
112 112 2
113 113 2
114 114 2
115 115 1
116 116 1
117 117 1
118 118 1
119 119 1
120 120 1
121 121 1
122 122 1
123 123 1
124 124 1
125 125 1
126 126 1
127 127 1
128 128 1
129 129 1
ENDM
3 4
3 4 1
11 12 1
18 19 1
24 25 1
25 30 2
26 31 1
27 32 1
28 33 1
29 34 1
47 48 1
54 55 1
60 61 1
61 66 2
62 67 1
63 68 1
64 69 1
65 70 1
82 83 1
88 89 1
89 94 2
90 95 1
91 96 1
92 97 1
93 98 1
109 110 1
110 115 2
111 116 1
112 117 1
113 118 1
114 119 1
115 130 3
116 131 2
117 132 2
118 133 2
119 134 2
120 135 1
121 136 1
122 137 1
123 138 1
124 139 1
125 140 1
126 141 1
127 142 1
128 143 1
129 144 1
ENDM
3 5
3 5 1
11 13 1
18 20 1
24 26 1
25 31 1
26 35 2
27 36 1
28 37 1
29 38 1
47 49 1
54 56 1
60 62 1
61 67 1
62 71 2
63 72 1
64 73 1
65 74 1
82 84 1
88 90 1
89 95 1
90 99 2
91 100 1
92 101 1
93 102 1
109 111 1
110 116 1
111 120 2
112 121 1
113 122 1
114 123 1
115 131 1
116 135 2
117 136 1
118 137 1
119 138 1
120 145 3
121 146 2
122 147 2
123 148 2
124 149 1
125 150 1
126 151 1
127 152 1
128 153 1
129 154 1
ENDM
3 6
3 6 1
11 14 1
18 21 1
24 27 1
25 32 1
26 36 1
27 39 2
28 40 1
29 41 1
47 50 1
54 57 1
60 63 1
61 68 1
62 72 1
63 75 2
64 76 1
65 77 1
82 85 1
88 91 1
89 96 1
90 100 1
91 103 2
92 104 1
93 105 1
109 112 1
110 117 1
111 121 1
112 124 2
113 125 1
114 126 1
115 132 1
116 136 1
117 139 2
118 140 1
119 141 1
120 146 1
121 149 2
122 150 1
123 151 1
124 155 3
125 156 2
126 157 2
127 158 1
128 159 1
129 160 1
ENDM
3 7
3 7 1
11 15 1
18 22 1
24 28 1
25 33 1
26 37 1
27 40 1
28 42 2
29 43 1
47 51 1
54 58 1
60 64 1
61 69 1
62 73 1
63 76 1
64 78 2
65 79 1
82 86 1
88 92 1
89 97 1
90 101 1
91 104 1
92 106 2
93 107 1
109 113 1
110 118 1
111 122 1
112 125 1
113 127 2
114 128 1
115 133 1
116 137 1
117 140 1
118 142 2
119 143 1
120 147 1
121 150 1
122 152 2
123 153 1
124 156 1
125 158 2
126 159 1
127 161 3
128 162 2
129 163 1
ENDM
3 8
3 8 1
11 16 1
18 23 1
24 29 1
25 34 1
26 38 1
27 41 1
28 43 1
29 44 2
47 52 1
54 59 1
60 65 1
61 70 1
62 74 1
63 77 1
64 79 1
65 80 2
82 87 1
88 93 1
89 98 1
90 102 1
91 105 1
92 107 1
93 108 2
109 114 1
110 119 1
111 123 1
112 126 1
113 128 1
114 129 2
115 134 1
116 138 1
117 141 1
118 143 1
119 144 2
120 148 1
121 151 1
122 153 1
123 154 2
124 157 1
125 159 1
126 160 2
127 162 1
128 163 2
129 164 3
ENDM
4 0
4 0 3
12 1 2
19 2 2
25 3 2
30 4 2
31 5 2
32 6 2
33 7 2
34 8 2
48 9 1
55 10 1
61 11 1
66 12 1
67 13 1
68 14 1
69 15 1
70 16 1
83 17 1
89 18 1
94 19 1
95 20 1
96 21 1
97 22 1
98 23 1
110 24 1
115 25 1
116 26 1
117 27 1
118 28 1
119 29 1
130 30 1
131 31 1
132 32 1
133 33 1
134 34 1
135 35 1
136 36 1
137 37 1
138 38 1
139 39 1
140 40 1
141 41 1
142 42 1
143 43 1
144 44 1
ENDM
4 1
4 1 1
12 9 2
19 10 1
25 11 1
30 12 1
31 13 1
32 14 1
33 15 1
34 16 1
48 45 3
55 46 2
61 47 2
66 48 2
67 49 2
68 50 2
69 51 2
70 52 2
83 53 1
89 54 1
94 55 1
95 56 1
96 57 1
97 58 1
98 59 1
110 60 1
115 61 1
116 62 1
117 63 1
118 64 1
119 65 1
130 66 1
131 67 1
132 68 1
133 69 1
134 70 1
135 71 1
136 72 1
137 73 1
138 74 1
139 75 1
140 76 1
141 77 1
142 78 1
143 79 1
144 80 1
ENDM
4 2
4 2 1
12 10 1
19 17 2
25 18 1
30 19 1
31 20 1
32 21 1
33 22 1
34 23 1
48 46 1
55 53 2
61 54 1
66 55 1
67 56 1
68 57 1
69 58 1
70 59 1
83 81 3
89 82 2
94 83 2
95 84 2
96 85 2
97 86 2
98 87 2
110 88 1
115 89 1
116 90 1
117 91 1
118 92 1
119 93 1
130 94 1
131 95 1
132 96 1
133 97 1
134 98 1
135 99 1
136 100 1
137 101 1
138 102 1
139 103 1
140 104 1
141 105 1
142 106 1
143 107 1
144 108 1
ENDM
4 3
4 3 1
12 11 1
19 18 1
25 24 2
30 25 1
31 26 1
32 27 1
33 28 1
34 29 1
48 47 1
55 54 1
61 60 2
66 61 1
67 62 1
68 63 1
69 64 1
70 65 1
83 82 1
89 88 2
94 89 1
95 90 1
96 91 1
97 92 1
98 93 1
110 109 3
115 110 2
116 111 2
117 112 2
118 113 2
119 114 2
130 115 1
131 116 1
132 117 1
133 118 1
134 119 1
135 120 1
136 121 1
137 122 1
138 123 1
139 124 1
140 125 1
141 126 1
142 127 1
143 128 1
144 129 1
ENDM
4 4
4 4 1
12 12 1
19 19 1
25 25 1
30 30 2
31 31 1
32 32 1
33 33 1
34 34 1
48 48 1
55 55 1
61 61 1
66 66 2
67 67 1
68 68 1
69 69 1
70 70 1
83 83 1
89 89 1
94 94 2
95 95 1
96 96 1
97 97 1
98 98 1
110 110 1
115 115 2
116 116 1
117 117 1
118 118 1
119 119 1
130 130 3
131 131 2
132 132 2
133 133 2
134 134 2
135 135 1
136 136 1
137 137 1
138 138 1
139 139 1
140 140 1
141 141 1
142 142 1
143 143 1
144 144 1
ENDM
4 5
4 5 1
12 13 1
19 20 1
25 26 1
30 31 1
31 35 2
32 36 1
33 37 1
34 38 1
48 49 1
55 56 1
61 62 1
66 67 1
67 71 2
68 72 1
69 73 1
70 74 1
83 84 1
89 90 1
94 95 1
95 99 2
96 100 1
97 101 1
98 102 1
110 111 1
115 116 1
116 120 2
117 121 1
118 122 1
119 123 1
130 131 1
131 135 2
132 136 1
133 137 1
134 138 1
135 145 3
136 146 2
137 147 2
138 148 2
139 149 1
140 150 1
141 151 1
142 152 1
143 153 1
144 154 1
ENDM
4 6
4 6 1
12 14 1
19 21 1
25 27 1
30 32 1
31 36 1
32 39 2
33 40 1
34 41 1
48 50 1
55 57 1
61 63 1
66 68 1
67 72 1
68 75 2
69 76 1
70 77 1
83 85 1
89 91 1
94 96 1
95 100 1
96 103 2
97 104 1
98 105 1
110 112 1
115 117 1
116 121 1
117 124 2
118 125 1
119 126 1
130 132 1
131 136 1
132 139 2
133 140 1
134 141 1
135 146 1
136 149 2
137 150 1
138 151 1
139 155 3
140 156 2
141 157 2
142 158 1
143 159 1
144 160 1
ENDM
4 7
4 7 1
12 15 1
19 22 1
25 28 1
30 33 1
31 37 1
32 40 1
33 42 2
34 43 1
48 51 1
55 58 1
61 64 1
66 69 1
67 73 1
68 76 1
69 78 2
70 79 1
83 86 1
89 92 1
94 97 1
95 101 1
96 104 1
97 106 2
98 107 1
110 113 1
115 118 1
116 122 1
117 125 1
118 127 2
119 128 1
130 133 1
131 137 1
132 140 1
133 142 2
134 143 1
135 147 1
136 150 1
137 152 2
138 153 1
139 156 1
140 158 2
141 159 1
142 161 3
143 162 2
144 163 1
ENDM
4 8
4 8 1
12 16 1
19 23 1
25 29 1
30 34 1
31 38 1
32 41 1
33 43 1
34 44 2
48 52 1
55 59 1
61 65 1
66 70 1
67 74 1
68 77 1
69 79 1
70 80 2
83 87 1
89 93 1
94 98 1
95 102 1
96 105 1
97 107 1
98 108 2
110 114 1
115 119 1
116 123 1
117 126 1
118 128 1
119 129 2
130 134 1
131 138 1
132 141 1
133 143 1
134 144 2
135 148 1
136 151 1
137 153 1
138 154 2
139 157 1
140 159 1
141 160 2
142 162 1
143 163 2
144 164 3
ENDM
5 0
5 0 3
13 1 2
20 2 2
26 3 2
31 4 2
35 5 2
36 6 2
37 7 2
38 8 2
49 9 1
56 10 1
62 11 1
67 12 1
71 13 1
72 14 1
73 15 1
74 16 1
84 17 1
90 18 1
95 19 1
99 20 1
100 21 1
101 22 1
102 23 1
111 24 1
116 25 1
120 26 1
121 27 1
122 28 1
123 29 1
131 30 1
135 31 1
136 32 1
137 33 1
138 34 1
145 35 1
146 36 1
147 37 1
148 38 1
149 39 1
150 40 1
151 41 1
152 42 1
153 43 1
154 44 1
ENDM
5 1
5 1 1
13 9 2
20 10 1
26 11 1
31 12 1
35 13 1
36 14 1
37 15 1
38 16 1
49 45 3
56 46 2
62 47 2
67 48 2
71 49 2
72 50 2
73 51 2
74 52 2
84 53 1
90 54 1
95 55 1
99 56 1
100 57 1
101 58 1
102 59 1
111 60 1
116 61 1
120 62 1
121 63 1
122 64 1
123 65 1
131 66 1
135 67 1
136 68 1
137 69 1
138 70 1
145 71 1
146 72 1
147 73 1
148 74 1
149 75 1
150 76 1
151 77 1
152 78 1
153 79 1
154 80 1
ENDM
5 2
5 2 1
13 10 1
20 17 2
26 18 1
31 19 1
35 20 1
36 21 1
37 22 1
38 23 1
49 46 1
56 53 2
62 54 1
67 55 1
71 56 1
72 57 1
73 58 1
74 59 1
84 81 3
90 82 2
95 83 2
99 84 2
100 85 2
101 86 2
102 87 2
111 88 1
116 89 1
120 90 1
121 91 1
122 92 1
123 93 1
131 94 1
135 95 1
136 96 1
137 97 1
138 98 1
145 99 1
146 100 1
147 101 1
148 102 1
149 103 1
150 104 1
151 105 1
152 106 1
153 107 1
154 108 1
ENDM
5 3
5 3 1
13 11 1
20 18 1
26 24 2
31 25 1
35 26 1
36 27 1
37 28 1
38 29 1
49 47 1
56 54 1
62 60 2
67 61 1
71 62 1
72 63 1
73 64 1
74 65 1
84 82 1
90 88 2
95 89 1
99 90 1
100 91 1
101 92 1
102 93 1
111 109 3
116 110 2
120 111 2
121 112 2
122 113 2
123 114 2
131 115 1
135 116 1
136 117 1
137 118 1
138 119 1
145 120 1
146 121 1
147 122 1
148 123 1
149 124 1
150 125 1
151 126 1
152 127 1
153 128 1
154 129 1
ENDM
5 4
5 4 1
13 12 1
20 19 1
26 25 1
31 30 2
35 31 1
36 32 1
37 33 1
38 34 1
49 48 1
56 55 1
62 61 1
67 66 2
71 67 1
72 68 1
73 69 1
74 70 1
84 83 1
90 89 1
95 94 2
99 95 1
100 96 1
101 97 1
102 98 1
111 110 1
116 115 2
120 116 1
121 117 1
122 118 1
123 119 1
131 130 3
135 131 2
136 132 2
137 133 2
138 134 2
145 135 1
146 136 1
147 137 1
148 138 1
149 139 1
150 140 1
151 141 1
152 142 1
153 143 1
154 144 1
ENDM
5 5
5 5 1
13 13 1
20 20 1
26 26 1
31 31 1
35 35 2
36 36 1
37 37 1
38 38 1
49 49 1
56 56 1
62 62 1
67 67 1
71 71 2
72 72 1
73 73 1
74 74 1
84 84 1
90 90 1
95 95 1
99 99 2
100 100 1
101 101 1
102 102 1
111 111 1
116 116 1
120 120 2
121 121 1
122 122 1
123 123 1
131 131 1
135 135 2
136 136 1
137 137 1
138 138 1
145 145 3
146 146 2
147 147 2
148 148 2
149 149 1
150 150 1
151 151 1
152 152 1
153 153 1
154 154 1
ENDM
5 6
5 6 1
13 14 1
20 21 1
26 27 1
31 32 1
35 36 1
36 39 2
37 40 1
38 41 1
49 50 1
56 57 1
62 63 1
67 68 1
71 72 1
72 75 2
73 76 1
74 77 1
84 85 1
90 91 1
95 96 1
99 100 1
100 103 2
101 104 1
102 105 1
111 112 1
116 117 1
120 121 1
121 124 2
122 125 1
123 126 1
131 132 1
135 136 1
136 139 2
137 140 1
138 141 1
145 146 1
146 149 2
147 150 1
148 151 1
149 155 3
150 156 2
151 157 2
152 158 1
153 159 1
154 160 1
ENDM
5 7
5 7 1
13 15 1
20 22 1
26 28 1
31 33 1
35 37 1
36 40 1
37 42 2
38 43 1
49 51 1
56 58 1
62 64 1
67 69 1
71 73 1
72 76 1
73 78 2
74 79 1
84 86 1
90 92 1
95 97 1
99 101 1
100 104 1
101 106 2
102 107 1
111 113 1
116 118 1
120 122 1
121 125 1
122 127 2
123 128 1
131 133 1
135 137 1
136 140 1
137 142 2
138 143 1
145 147 1
146 150 1
147 152 2
148 153 1
149 156 1
150 158 2
151 159 1
152 161 3
153 162 2
154 163 1
ENDM
5 8
5 8 1
13 16 1
20 23 1
26 29 1
31 34 1
35 38 1
36 41 1
37 43 1
38 44 2
49 52 1
56 59 1
62 65 1
67 70 1
71 74 1
72 77 1
73 79 1
74 80 2
84 87 1
90 93 1
95 98 1
99 102 1
100 105 1
101 107 1
102 108 2
111 114 1
116 119 1
120 123 1
121 126 1
122 128 1
123 129 2
131 134 1
135 138 1
136 141 1
137 143 1
138 144 2
145 148 1
146 151 1
147 153 1
148 154 2
149 157 1
150 159 1
151 160 2
152 162 1
153 163 2
154 164 3
ENDM
6 0
6 0 3
14 1 2
21 2 2
27 3 2
32 4 2
36 5 2
39 6 2
40 7 2
41 8 2
50 9 1
57 10 1
63 11 1
68 12 1
72 13 1
75 14 1
76 15 1
77 16 1
85 17 1
91 18 1
96 19 1
100 20 1
103 21 1
104 22 1
105 23 1
112 24 1
117 25 1
121 26 1
124 27 1
125 28 1
126 29 1
132 30 1
136 31 1
139 32 1
140 33 1
141 34 1
146 35 1
149 36 1
150 37 1
151 38 1
155 39 1
156 40 1
157 41 1
158 42 1
159 43 1
160 44 1
ENDM
6 1
6 1 1
14 9 2
21 10 1
27 11 1
32 12 1
36 13 1
39 14 1
40 15 1
41 16 1
50 45 3
57 46 2
63 47 2
68 48 2
72 49 2
75 50 2
76 51 2
77 52 2
85 53 1
91 54 1
96 55 1
100 56 1
103 57 1
104 58 1
105 59 1
112 60 1
117 61 1
121 62 1
124 63 1
125 64 1
126 65 1
132 66 1
136 67 1
139 68 1
140 69 1
141 70 1
146 71 1
149 72 1
150 73 1
151 74 1
155 75 1
156 76 1
157 77 1
158 78 1
159 79 1
160 80 1
ENDM
6 2
6 2 1
14 10 1
21 17 2
27 18 1
32 19 1
36 20 1
39 21 1
40 22 1
41 23 1
50 46 1
57 53 2
63 54 1
68 55 1
72 56 1
75 57 1
76 58 1
77 59 1
85 81 3
91 82 2
96 83 2
100 84 2
103 85 2
104 86 2
105 87 2
112 88 1
117 89 1
121 90 1
124 91 1
125 92 1
126 93 1
132 94 1
136 95 1
139 96 1
140 97 1
141 98 1
146 99 1
149 100 1
150 101 1
151 102 1
155 103 1
156 104 1
157 105 1
158 106 1
159 107 1
160 108 1
ENDM
6 3
6 3 1
14 11 1
21 18 1
27 24 2
32 25 1
36 26 1
39 27 1
40 28 1
41 29 1
50 47 1
57 54 1
63 60 2
68 61 1
72 62 1
75 63 1
76 64 1
77 65 1
85 82 1
91 88 2
96 89 1
100 90 1
103 91 1
104 92 1
105 93 1
112 109 3
117 110 2
121 111 2
124 112 2
125 113 2
126 114 2
132 115 1
136 116 1
139 117 1
140 118 1
141 119 1
146 120 1
149 121 1
150 122 1
151 123 1
155 124 1
156 125 1
157 126 1
158 127 1
159 128 1
160 129 1
ENDM
6 4
6 4 1
14 12 1
21 19 1
27 25 1
32 30 2
36 31 1
39 32 1
40 33 1
41 34 1
50 48 1
57 55 1
63 61 1
68 66 2
72 67 1
75 68 1
76 69 1
77 70 1
85 83 1
91 89 1
96 94 2
100 95 1
103 96 1
104 97 1
105 98 1
112 110 1
117 115 2
121 116 1
124 117 1
125 118 1
126 119 1
132 130 3
136 131 2
139 132 2
140 133 2
141 134 2
146 135 1
149 136 1
150 137 1
151 138 1
155 139 1
156 140 1
157 141 1
158 142 1
159 143 1
160 144 1
ENDM
6 5
6 5 1
14 13 1
21 20 1
27 26 1
32 31 1
36 35 2
39 36 1
40 37 1
41 38 1
50 49 1
57 56 1
63 62 1
68 67 1
72 71 2
75 72 1
76 73 1
77 74 1
85 84 1
91 90 1
96 95 1
100 99 2
103 100 1
104 101 1
105 102 1
112 111 1
117 116 1
121 120 2
124 121 1
125 122 1
126 123 1
132 131 1
136 135 2
139 136 1
140 137 1
141 138 1
146 145 3
149 146 2
150 147 2
151 148 2
155 149 1
156 150 1
157 151 1
158 152 1
159 153 1
160 154 1
ENDM
6 6
6 6 1
14 14 1
21 21 1
27 27 1
32 32 1
36 36 1
39 39 2
40 40 1
41 41 1
50 50 1
57 57 1
63 63 1
68 68 1
72 72 1
75 75 2
76 76 1
77 77 1
85 85 1
91 91 1
96 96 1
100 100 1
103 103 2
104 104 1
105 105 1
112 112 1
117 117 1
121 121 1
124 124 2
125 125 1
126 126 1
132 132 1
136 136 1
139 139 2
140 140 1
141 141 1
146 146 1
149 149 2
150 150 1
151 151 1
155 155 3
156 156 2
157 157 2
158 158 1
159 159 1
160 160 1
ENDM
6 7
6 7 1
14 15 1
21 22 1
27 28 1
32 33 1
36 37 1
39 40 1
40 42 2
41 43 1
50 51 1
57 58 1
63 64 1
68 69 1
72 73 1
75 76 1
76 78 2
77 79 1
85 86 1
91 92 1
96 97 1
100 101 1
103 104 1
104 106 2
105 107 1
112 113 1
117 118 1
121 122 1
124 125 1
125 127 2
126 128 1
132 133 1
136 137 1
139 140 1
140 142 2
141 143 1
146 147 1
149 150 1
150 152 2
151 153 1
155 156 1
156 158 2
157 159 1
158 161 3
159 162 2
160 163 1
ENDM
6 8
6 8 1
14 16 1
21 23 1
27 29 1
32 34 1
36 38 1
39 41 1
40 43 1
41 44 2
50 52 1
57 59 1
63 65 1
68 70 1
72 74 1
75 77 1
76 79 1
77 80 2
85 87 1
91 93 1
96 98 1
100 102 1
103 105 1
104 107 1
105 108 2
112 114 1
117 119 1
121 123 1
124 126 1
125 128 1
126 129 2
132 134 1
136 138 1
139 141 1
140 143 1
141 144 2
146 148 1
149 151 1
150 153 1
151 154 2
155 157 1
156 159 1
157 160 2
158 162 1
159 163 2
160 164 3
ENDM
7 0
7 0 3
15 1 2
22 2 2
28 3 2
33 4 2
37 5 2
40 6 2
42 7 2
43 8 2
51 9 1
58 10 1
64 11 1
69 12 1
73 13 1
76 14 1
78 15 1
79 16 1
86 17 1
92 18 1
97 19 1
101 20 1
104 21 1
106 22 1
107 23 1
113 24 1
118 25 1
122 26 1
125 27 1
127 28 1
128 29 1
133 30 1
137 31 1
140 32 1
142 33 1
143 34 1
147 35 1
150 36 1
152 37 1
153 38 1
156 39 1
158 40 1
159 41 1
161 42 1
162 43 1
163 44 1
ENDM
7 1
7 1 1
15 9 2
22 10 1
28 11 1
33 12 1
37 13 1
40 14 1
42 15 1
43 16 1
51 45 3
58 46 2
64 47 2
69 48 2
73 49 2
76 50 2
78 51 2
79 52 2
86 53 1
92 54 1
97 55 1
101 56 1
104 57 1
106 58 1
107 59 1
113 60 1
118 61 1
122 62 1
125 63 1
127 64 1
128 65 1
133 66 1
137 67 1
140 68 1
142 69 1
143 70 1
147 71 1
150 72 1
152 73 1
153 74 1
156 75 1
158 76 1
159 77 1
161 78 1
162 79 1
163 80 1
ENDM
7 2
7 2 1
15 10 1
22 17 2
28 18 1
33 19 1
37 20 1
40 21 1
42 22 1
43 23 1
51 46 1
58 53 2
64 54 1
69 55 1
73 56 1
76 57 1
78 58 1
79 59 1
86 81 3
92 82 2
97 83 2
101 84 2
104 85 2
106 86 2
107 87 2
113 88 1
118 89 1
122 90 1
125 91 1
127 92 1
128 93 1
133 94 1
137 95 1
140 96 1
142 97 1
143 98 1
147 99 1
150 100 1
152 101 1
153 102 1
156 103 1
158 104 1
159 105 1
161 106 1
162 107 1
163 108 1
ENDM
7 3
7 3 1
15 11 1
22 18 1
28 24 2
33 25 1
37 26 1
40 27 1
42 28 1
43 29 1
51 47 1
58 54 1
64 60 2
69 61 1
73 62 1
76 63 1
78 64 1
79 65 1
86 82 1
92 88 2
97 89 1
101 90 1
104 91 1
106 92 1
107 93 1
113 109 3
118 110 2
122 111 2
125 112 2
127 113 2
128 114 2
133 115 1
137 116 1
140 117 1
142 118 1
143 119 1
147 120 1
150 121 1
152 122 1
153 123 1
156 124 1
158 125 1
159 126 1
161 127 1
162 128 1
163 129 1
ENDM
7 4
7 4 1
15 12 1
22 19 1
28 25 1
33 30 2
37 31 1
40 32 1
42 33 1
43 34 1
51 48 1
58 55 1
64 61 1
69 66 2
73 67 1
76 68 1
78 69 1
79 70 1
86 83 1
92 89 1
97 94 2
101 95 1
104 96 1
106 97 1
107 98 1
113 110 1
118 115 2
122 116 1
125 117 1
127 118 1
128 119 1
133 130 3
137 131 2
140 132 2
142 133 2
143 134 2
147 135 1
150 136 1
152 137 1
153 138 1
156 139 1
158 140 1
159 141 1
161 142 1
162 143 1
163 144 1
ENDM
7 5
7 5 1
15 13 1
22 20 1
28 26 1
33 31 1
37 35 2
40 36 1
42 37 1
43 38 1
51 49 1
58 56 1
64 62 1
69 67 1
73 71 2
76 72 1
78 73 1
79 74 1
86 84 1
92 90 1
97 95 1
101 99 2
104 100 1
106 101 1
107 102 1
113 111 1
118 116 1
122 120 2
125 121 1
127 122 1
128 123 1
133 131 1
137 135 2
140 136 1
142 137 1
143 138 1
147 145 3
150 146 2
152 147 2
153 148 2
156 149 1
158 150 1
159 151 1
161 152 1
162 153 1
163 154 1
ENDM
7 6
7 6 1
15 14 1
22 21 1
28 27 1
33 32 1
37 36 1
40 39 2
42 40 1
43 41 1
51 50 1
58 57 1
64 63 1
69 68 1
73 72 1
76 75 2
78 76 1
79 77 1
86 85 1
92 91 1
97 96 1
101 100 1
104 103 2
106 104 1
107 105 1
113 112 1
118 117 1
122 121 1
125 124 2
127 125 1
128 126 1
133 132 1
137 136 1
140 139 2
142 140 1
143 141 1
147 146 1
150 149 2
152 150 1
153 151 1
156 155 3
158 156 2
159 157 2
161 158 1
162 159 1
163 160 1
ENDM
7 7
7 7 1
15 15 1
22 22 1
28 28 1
33 33 1
37 37 1
40 40 1
42 42 2
43 43 1
51 51 1
58 58 1
64 64 1
69 69 1
73 73 1
76 76 1
78 78 2
79 79 1
86 86 1
92 92 1
97 97 1
101 101 1
104 104 1
106 106 2
107 107 1
113 113 1
118 118 1
122 122 1
125 125 1
127 127 2
128 128 1
133 133 1
137 137 1
140 140 1
142 142 2
143 143 1
147 147 1
150 150 1
152 152 2
153 153 1
156 156 1
158 158 2
159 159 1
161 161 3
162 162 2
163 163 1
ENDM
7 8
7 8 1
15 16 1
22 23 1
28 29 1
33 34 1
37 38 1
40 41 1
42 43 1
43 44 2
51 52 1
58 59 1
64 65 1
69 70 1
73 74 1
76 77 1
78 79 1
79 80 2
86 87 1
92 93 1
97 98 1
101 102 1
104 105 1
106 107 1
107 108 2
113 114 1
118 119 1
122 123 1
125 126 1
127 128 1
128 129 2
133 134 1
137 138 1
140 141 1
142 143 1
143 144 2
147 148 1
150 151 1
152 153 1
153 154 2
156 157 1
158 159 1
159 160 2
161 162 1
162 163 2
163 164 3
ENDM
8 0
8 0 3
16 1 2
23 2 2
29 3 2
34 4 2
38 5 2
41 6 2
43 7 2
44 8 2
52 9 1
59 10 1
65 11 1
70 12 1
74 13 1
77 14 1
79 15 1
80 16 1
87 17 1
93 18 1
98 19 1
102 20 1
105 21 1
107 22 1
108 23 1
114 24 1
119 25 1
123 26 1
126 27 1
128 28 1
129 29 1
134 30 1
138 31 1
141 32 1
143 33 1
144 34 1
148 35 1
151 36 1
153 37 1
154 38 1
157 39 1
159 40 1
160 41 1
162 42 1
163 43 1
164 44 1
ENDM
8 1
8 1 1
16 9 2
23 10 1
29 11 1
34 12 1
38 13 1
41 14 1
43 15 1
44 16 1
52 45 3
59 46 2
65 47 2
70 48 2
74 49 2
77 50 2
79 51 2
80 52 2
87 53 1
93 54 1
98 55 1
102 56 1
105 57 1
107 58 1
108 59 1
114 60 1
119 61 1
123 62 1
126 63 1
128 64 1
129 65 1
134 66 1
138 67 1
141 68 1
143 69 1
144 70 1
148 71 1
151 72 1
153 73 1
154 74 1
157 75 1
159 76 1
160 77 1
162 78 1
163 79 1
164 80 1
ENDM
8 2
8 2 1
16 10 1
23 17 2
29 18 1
34 19 1
38 20 1
41 21 1
43 22 1
44 23 1
52 46 1
59 53 2
65 54 1
70 55 1
74 56 1
77 57 1
79 58 1
80 59 1
87 81 3
93 82 2
98 83 2
102 84 2
105 85 2
107 86 2
108 87 2
114 88 1
119 89 1
123 90 1
126 91 1
128 92 1
129 93 1
134 94 1
138 95 1
141 96 1
143 97 1
144 98 1
148 99 1
151 100 1
153 101 1
154 102 1
157 103 1
159 104 1
160 105 1
162 106 1
163 107 1
164 108 1
ENDM
8 3
8 3 1
16 11 1
23 18 1
29 24 2
34 25 1
38 26 1
41 27 1
43 28 1
44 29 1
52 47 1
59 54 1
65 60 2
70 61 1
74 62 1
77 63 1
79 64 1
80 65 1
87 82 1
93 88 2
98 89 1
102 90 1
105 91 1
107 92 1
108 93 1
114 109 3
119 110 2
123 111 2
126 112 2
128 113 2
129 114 2
134 115 1
138 116 1
141 117 1
143 118 1
144 119 1
148 120 1
151 121 1
153 122 1
154 123 1
157 124 1
159 125 1
160 126 1
162 127 1
163 128 1
164 129 1
ENDM
8 4
8 4 1
16 12 1
23 19 1
29 25 1
34 30 2
38 31 1
41 32 1
43 33 1
44 34 1
52 48 1
59 55 1
65 61 1
70 66 2
74 67 1
77 68 1
79 69 1
80 70 1
87 83 1
93 89 1
98 94 2
102 95 1
105 96 1
107 97 1
108 98 1
114 110 1
119 115 2
123 116 1
126 117 1
128 118 1
129 119 1
134 130 3
138 131 2
141 132 2
143 133 2
144 134 2
148 135 1
151 136 1
153 137 1
154 138 1
157 139 1
159 140 1
160 141 1
162 142 1
163 143 1
164 144 1
ENDM
8 5
8 5 1
16 13 1
23 20 1
29 26 1
34 31 1
38 35 2
41 36 1
43 37 1
44 38 1
52 49 1
59 56 1
65 62 1
70 67 1
74 71 2
77 72 1
79 73 1
80 74 1
87 84 1
93 90 1
98 95 1
102 99 2
105 100 1
107 101 1
108 102 1
114 111 1
119 116 1
123 120 2
126 121 1
128 122 1
129 123 1
134 131 1
138 135 2
141 136 1
143 137 1
144 138 1
148 145 3
151 146 2
153 147 2
154 148 2
157 149 1
159 150 1
160 151 1
162 152 1
163 153 1
164 154 1
ENDM
8 6
8 6 1
16 14 1
23 21 1
29 27 1
34 32 1
38 36 1
41 39 2
43 40 1
44 41 1
52 50 1
59 57 1
65 63 1
70 68 1
74 72 1
77 75 2
79 76 1
80 77 1
87 85 1
93 91 1
98 96 1
102 100 1
105 103 2
107 104 1
108 105 1
114 112 1
119 117 1
123 121 1
126 124 2
128 125 1
129 126 1
134 132 1
138 136 1
141 139 2
143 140 1
144 141 1
148 146 1
151 149 2
153 150 1
154 151 1
157 155 3
159 156 2
160 157 2
162 158 1
163 159 1
164 160 1
ENDM
8 7
8 7 1
16 15 1
23 22 1
29 28 1
34 33 1
38 37 1
41 40 1
43 42 2
44 43 1
52 51 1
59 58 1
65 64 1
70 69 1
74 73 1
77 76 1
79 78 2
80 79 1
87 86 1
93 92 1
98 97 1
102 101 1
105 104 1
107 106 2
108 107 1
114 113 1
119 118 1
123 122 1
126 125 1
128 127 2
129 128 1
134 133 1
138 137 1
141 140 1
143 142 2
144 143 1
148 147 1
151 150 1
153 152 2
154 153 1
157 156 1
159 158 2
160 159 1
162 161 3
163 162 2
164 163 1
ENDM
8 8
8 8 1
16 16 1
23 23 1
29 29 1
34 34 1
38 38 1
41 41 1
43 43 1
44 44 2
52 52 1
59 59 1
65 65 1
70 70 1
74 74 1
77 77 1
79 79 1
80 80 2
87 87 1
93 93 1
98 98 1
102 102 1
105 105 1
107 107 1
108 108 2
114 114 1
119 119 1
123 123 1
126 126 1
128 128 1
129 129 2
134 134 1
138 138 1
141 141 1
143 143 1
144 144 2
148 148 1
151 151 1
153 153 1
154 154 2
157 157 1
159 159 1
160 160 2
162 162 1
163 163 2
164 164 3
ENDM
ENDGL
0 0 0 0 0 0 0 0 0 0 0 0 0 0 0 0 0 0 0 0 0 0 0 0 0 0 0 0 0 0 0 0 0 0 1 0 0 -1 0 0 0 0 0 0 0 0 0 0 0 0 0 0 0 0 0 0 0 0 0 0 0 0 0 0 0 -1 0 0 0 0 0 0 1 0 0 0 0 0 0 0 0 0 0 0 0 0 0 0 0 0 0 0 1 0 0 0 -1 0 0 0 0 0 0 0 0 0 0 0 0 0 0 0 0 0 0 0 0 0 0 0 0 0 0 0 0 0 0 0 0 0 0 0 0 0 0 0 0 0 0 0 0 0 0 0 0 0 0 0 0 0 0 0 0 0 0 0 0 0 0 0 0 0 0 0 0
